120 20
0 198 74 77 130 9 101 58 153 79 51 112 179 233 108 115 165 130 40 162 74 104 96 83 164 38 105 164 110 162 152 151 86 117 197 57 100 90 161 120 130 89 118 127 119 132 87 94 133 180 221 109 106 136 139 107 234 86 151 164 25 142 64 71 122 158 159 179 92 214 101 34 154 196 73 124 110 97 163 144 51 156 76 158 147 37 197 122 110 35 47 136 147 62 170 171 231 157 121 143 191 141 148 97 82 140 216 164 197 130 158 103 9 188 56 54 83 172 13 125 110 
198 0 130 131 177 194 134 160 151 122 199 86 35 50 102 90 149 68 180 107 152 106 112 155 48 164 139 110 121 39 171 55 147 100 74 166 128 140 60 79 119 139 108 171 142 66 135 105 149 152 28 96 111 95 60 119 54 112 51 103 181 125 159 143 106 40 56 132 113 19 150 194 96 70 135 96 131 169 182 61 161 100 133 189 120 170 30 82 151 177 187 116 57 144 39 66 52 72 118 171 119 182 108 105 156 84 41 131 50 121 43 108 201 129 201 149 128 139 210 128 155 
74 130 0 6 90 68 39 70 96 11 69 54 120 161 68 42 106 62 76 92 30 30 22 40 92 36 95 94 41 92 103 79 84 80 123 75 34 32 87 60 62 31 45 85 62 66 25 28 77 120 150 36 33 99 70 37 161 27 80 130 53 121 32 17 49 91 86 113 55 145 50 64 118 121 57 86 47 62 116 72 64 122 8 116 123 41 125 49 59 70 57 67 76 53 99 97 158 83 97 97 121 100 78 52 40 96 143 99 124 108 96 68 75 121 72 21 61 109 85 61 61 
77 131 6 0 84 70 33 75 90 16 68 58 122 160 72 41 100 63 81 87 26 28 20 34 91 39 101 90 36 93 98 79 90 85 120 81 28 26 86 63 57 25 41 79 56 68 19 31 71 114 150 35 29 103 71 32 160 32 81 135 55 127 29 13 46 92 85 108 60 145 44 64 123 119 62 90 41 56 111 72 69 126 3 110 128 42 124 49 53 75 56 62 76 59 98 95 157 80 102 91 117 95 74 57 35 101 142 94 122 113 98 73 77 116 70 23 67 103 87 55 56 
130 177 90 84 0 121 54 155 38 100 85 133 183 185 154 100 50 124 154 79 64 86 87 53 129 103 185 78 63 142 25 125 173 166 128 159 62 58 118 136 58 59 74 6 37 133 66 110 29 63 186 98 78 183 129 67 183 114 129 214 106 210 71 76 74 147 121 73 144 185 40 98 202 130 146 171 51 33 33 121 148 206 82 28 211 97 157 106 32 147 84 62 125 141 138 117 179 106 186 16 93 11 72 139 53 178 168 62 145 196 161 156 124 85 82 96 151 62 133 50 29 
9 194 68 70 121 0 93 62 144 74 42 110 177 228 107 110 156 126 46 155 66 98 90 75 159 32 108 157 102 158 143 147 89 117 191 61 92 82 155 117 122 81 111 118 111 128 79 89 124 172 216 103 99 137 135 99 229 83 147 165 17 145 55 64 115 154 153 171 91 210 92 25 155 189 74 124 102 88 154 139 54 157 69 149 149 30 192 117 102 40 38 128 142 63 166 165 226 151 123 134 183 132 141 96 74 140 211 156 192 132 155 103 7 180 47 48 84 163 16 117 101 
101 134 39 33 54 93 0 109 57 47 74 79 134 153 100 48 67 73 112 63 27 33 32 23 88 64 133 64 14 96 65 80 123 112 105 114 8 11 79 82 30 11 27 48 23 81 15 55 38 82 148 45 25 129 79 15 153 60 83 160 76 156 38 31 30 99 80 78 90 146 16 78 148 104 95 117 9 35 78 74 102 151 31 79 156 63 120 55 22 106 66 36 78 92 97 84 149 70 132 58 90 64 49 85 24 124 136 64 113 142 110 102 98 88 74 52 99 72 108 25 26 
58 160 70 75 155 62 109 0 165 65 97 75 135 203 60 96 175 101 22 158 91 93 86 102 138 56 46 161 110 129 172 125 27 66 180 7 104 100 139 83 131 99 112 151 131 98 94 70 146 189 186 91 99 82 108 106 205 61 123 107 64 84 85 80 116 123 135 182 47 178 117 81 99 177 24 72 117 123 184 117 9 100 77 183 89 64 167 100 127 24 88 136 120 18 142 153 202 139 64 164 188 166 145 55 102 88 187 168 173 72 117 53 67 189 103 60 33 178 70 131 128 
153 151 96 90 38 144 57 165 0 102 114 125 163 152 150 88 13 109 169 46 79 80 84 69 104 119 187 44 57 120 20 103 178 161 94 170 62 66 92 126 40 67 62 35 34 119 72 107 20 28 155 89 72 175 112 61 149 113 108 205 127 206 89 87 59 127 96 36 143 156 52 124 192 96 151 164 49 59 31 101 159 197 88 38 205 116 128 93 42 162 110 40 104 149 113 87 146 79 182 24 55 35 43 136 70 168 136 25 113 193 143 153 148 47 112 108 153 25 158 36 43 
79 122 11 16 100 74 47 65 102 0 79 43 109 155 56 37 111 53 75 93 42 28 21 51 86 42 86 96 46 84 112 73 76 68 120 71 41 42 82 49 66 40 47 94 69 57 34 17 85 125 143 30 34 87 62 41 156 16 73 119 60 111 43 28 51 82 80 117 44 137 59 72 107 119 49 74 54 72 125 65 60 110 19 125 112 48 118 43 68 70 67 70 69 48 92 94 152 80 86 105 123 110 80 41 51 85 137 103 119 97 86 57 81 124 83 27 52 113 90 66 71 
51 199 69 68 85 42 74 97 114 79 0 122 189 225 129 108 128 131 86 136 49 93 86 52 157 45 140 137 87 160 109 146 123 140 179 98 77 64 150 128 103 65 99 84 86 135 66 97 95 143 217 103 91 160 139 86 225 93 148 191 34 175 40 56 102 159 150 146 113 213 67 17 180 178 102 147 82 56 118 139 89 182 65 112 178 36 190 116 74 79 12 109 143 92 165 157 221 142 151 100 161 96 123 114 50 160 207 132 186 161 165 126 43 157 6 54 111 137 50 96 72 
112 86 54 58 133 110 79 75 125 43 122 0 68 128 27 37 131 27 94 100 83 47 47 91 64 81 69 104 71 54 139 51 70 36 108 82 72 79 67 8 85 77 64 127 98 22 71 26 112 142 111 36 56 50 34 67 129 28 48 81 99 80 86 70 66 48 63 128 29 104 95 113 69 106 51 39 82 111 153 44 75 72 61 156 80 89 91 35 101 91 110 87 46 59 67 82 126 71 59 135 128 142 90 20 91 45 111 118 99 68 46 32 117 133 125 68 45 129 125 90 105 
179 35 120 122 183 177 134 135 163 109 189 68 0 85 75 86 164 61 156 123 146 102 106 151 62 149 108 126 122 44 181 60 119 71 101 141 127 137 74 61 126 136 110 177 147 54 131 92 157 169 63 90 109 62 55 119 89 96 55 68 167 91 151 135 110 37 68 151 89 53 150 181 61 97 111 66 133 169 194 63 137 65 125 200 85 157 60 79 154 155 177 124 59 121 55 85 87 86 85 180 141 189 120 82 152 51 76 146 79 87 24 81 184 150 192 136 102 156 192 134 158 
233 50 161 160 185 228 153 203 152 155 225 128 85 0 147 119 145 104 221 106 176 133 140 176 69 197 187 108 140 73 172 82 194 148 58 210 149 162 75 120 130 161 127 179 154 105 159 140 156 143 23 125 134 144 96 140 5 148 82 153 214 175 185 170 124 81 76 123 156 33 167 223 146 56 179 145 148 185 180 90 202 150 162 189 170 202 37 112 165 218 214 125 86 186 63 70 6 84 167 175 105 186 114 147 177 133 18 127 40 170 90 154 236 116 226 181 172 133 245 139 169 
108 102 68 72 154 107 100 60 150 56 129 27 75 147 0 63 156 53 81 127 98 70 68 107 88 84 43 130 94 76 163 76 47 12 134 66 93 97 93 31 110 96 88 148 121 46 89 45 135 168 129 61 79 32 58 90 150 41 72 63 100 56 98 84 91 67 88 155 16 120 114 117 51 131 36 18 105 129 176 70 62 54 76 178 56 93 112 62 122 80 117 112 71 47 90 108 147 98 32 158 155 164 117 16 107 32 132 144 122 43 58 7 114 159 133 75 27 155 121 114 125 
115 90 42 41 100 110 48 96 88 37 108 37 86 119 63 0 94 25 109 65 62 16 22 65 50 78 103 68 37 52 103 38 100 73 84 103 40 51 46 38 48 50 27 94 64 34 45 26 76 105 109 6 22 87 32 34 120 36 39 116 95 118 69 53 29 52 44 92 59 104 64 105 104 82 75 76 48 82 117 30 93 108 43 120 117 82 83 8 69 105 97 49 34 78 57 58 116 44 95 100 94 107 54 51 66 80 101 81 82 105 63 67 117 97 110 62 73 92 126 53 72 
165 149 106 100 50 156 67 175 13 111 128 131 164 145 156 94 0 112 180 42 91 87 92 82 103 131 195 39 65 120 29 103 187 167 87 181 72 77 91 131 47 78 68 48 46 122 83 114 33 15 150 96 79 180 114 70 142 121 109 209 140 211 101 98 65 127 96 24 150 152 64 137 197 89 160 170 59 72 35 103 169 201 98 45 210 128 124 97 55 174 123 44 105 159 111 84 139 78 189 35 44 46 44 143 83 173 130 18 108 199 144 160 161 35 126 119 162 13 171 45 56 
130 68 62 63 124 126 73 101 109 53 131 27 61 104 53 25 112 0 118 77 86 41 45 90 37 95 96 81 61 31 125 24 97 60 81 107 66 76 40 22 69 75 50 118 87 10 70 37 99 122 90 29 48 69 9 58 105 45 22 96 113 102 92 75 51 29 35 106 56 84 89 125 85 79 77 61 73 108 138 17 99 89 66 143 100 102 67 18 93 114 119 69 19 83 41 55 102 45 83 123 104 131 70 47 91 61 87 97 72 91 37 59 134 109 133 81 72 108 142 76 97 
40 180 76 81 154 46 112 22 169 75 86 94 156 221 81 109 180 118 0 167 91 103 96 102 154 51 67 170 117 148 173 141 48 88 194 18 109 103 154 102 138 102 121 150 134 116 97 84 149 195 205 103 108 105 126 113 223 75 140 129 52 105 83 82 125 141 151 189 67 198 118 69 121 192 45 94 121 121 185 133 19 122 82 182 111 58 184 114 128 7 78 143 136 35 159 167 219 153 86 165 197 165 154 75 101 110 204 175 189 94 137 75 49 197 91 61 54 184 50 136 129 
162 107 92 87 79 155 63 158 46 93 136 100 123 106 127 65 42 77 167 0 90 65 72 84 61 125 168 4 53 79 66 64 164 136 49 164 62 73 49 98 33 74 46 74 53 87 75 90 51 46 109 69 59 147 77 56 104 98 69 173 138 179 101 91 42 87 55 29 124 110 70 140 161 50 139 138 54 86 76 65 153 166 87 84 177 125 82 65 65 162 128 27 66 140 69 41 100 37 159 68 30 80 14 116 86 138 90 24 67 168 105 132 161 33 135 110 138 33 170 40 68 
74 152 30 26 64 66 27 91 79 42 49 83 146 176 98 62 91 86 91 90 0 46 40 11 109 40 123 92 39 114 82 98 110 110 131 95 29 17 101 89 57 16 50 60 45 92 17 57 59 106 169 57 42 129 94 38 176 58 101 161 49 151 11 14 54 114 102 105 85 165 27 50 149 130 83 116 36 33 94 92 84 152 23 92 153 37 142 70 37 84 39 63 96 78 117 108 173 94 127 74 117 75 76 82 11 127 158 90 137 138 122 98 71 114 50 32 89 97 81 51 38 
104 106 30 28 86 98 33 93 80 28 93 47 102 133 70 16 87 41 103 65 46 0 8 49 64 66 107 68 24 68 93 53 101 81 93 99 25 35 58 50 41 34 20 80 51 49 29 27 65 100 124 12 8 97 48 20 133 34 55 128 82 126 53 38 23 69 57 90 63 120 49 91 116 92 74 86 35 67 106 46 88 120 29 109 126 69 97 24 55 98 82 44 50 75 72 68 129 53 103 88 95 95 52 56 50 92 115 77 95 113 78 73 104 96 95 50 75 87 114 44 58 
96 112 22 20 87 90 32 86 84 21 86 47 106 140 68 22 92 45 96 72 40 8 0 45 71 58 103 75 27 74 95 60 95 79 101 92 25 32 66 51 46 31 26 81 53 52 25 23 68 105 131 16 13 97 53 22 140 30 61 127 74 124 47 31 30 74 65 96 59 126 48 83 115 100 68 84 37 65 109 52 81 119 22 110 124 62 104 30 55 90 75 50 56 68 79 76 137 61 100 90 102 96 59 53 46 92 122 83 103 110 82 70 97 103 89 42 70 93 106 47 58 
83 155 40 34 53 75 23 102 69 51 52 91 151 176 107 65 82 90 102 84 11 49 45 0 109 51 134 86 36 116 71 100 121 119 128 106 27 15 101 95 51 15 49 48 36 97 20 65 49 97 170 61 44 138 97 36 175 66 103 169 58 161 20 24 52 118 102 96 94 167 17 57 157 127 94 125 30 22 83 94 95 161 31 81 163 47 142 73 27 95 44 58 98 89 118 107 172 92 136 63 110 64 71 91 1 134 158 82 136 147 127 107 80 107 52 43 100 89 89 44 27 
164 48 92 91 129 159 88 138 104 86 157 64 62 69 88 50 103 37 154 61 109 64 71 109 0 127 131 65 74 19 123 13 134 93 46 145 82 95 12 58 71 94 61 123 94 42 91 72 101 108 61 56 66 98 31 73 70 80 16 119 145 131 117 102 59 29 8 89 93 57 103 154 108 43 114 92 84 122 135 21 136 113 93 142 128 132 33 42 103 151 146 67 18 120 9 24 66 25 115 123 80 134 61 84 111 87 52 85 35 122 47 95 166 88 158 112 109 95 175 80 107 
38 164 36 39 103 32 64 56 119 42 45 81 149 197 84 78 131 95 51 125 40 66 58 51 127 0 96 127 72 126 122 115 79 95 159 58 63 54 123 88 93 53 80 99 85 98 50 59 99 146 185 71 68 115 104 69 197 53 115 145 18 130 31 34 84 124 122 143 68 179 67 33 135 158 57 102 74 69 134 107 47 137 38 131 133 9 160 85 78 45 34 98 111 47 134 134 194 119 106 114 154 114 111 70 50 116 179 128 160 116 126 81 39 152 50 16 66 137 48 89 78 
105 139 95 101 185 108 133 46 187 86 140 69 108 187 43 103 195 96 67 168 123 107 103 134 131 96 0 172 130 118 197 119 19 39 177 49 126 127 136 74 148 126 127 180 155 89 119 81 170 207 167 100 115 47 101 125 190 73 115 64 107 38 120 110 130 108 131 195 44 158 145 125 58 174 40 43 139 156 211 113 54 58 103 211 44 105 153 103 154 70 130 151 114 48 132 151 187 141 23 191 197 195 157 52 134 56 173 184 164 28 96 37 113 201 145 94 34 194 116 150 156 
164 110 94 90 78 157 64 161 44 96 137 104 126 108 130 68 39 81 170 4 92 68 75 86 65 127 172 0 55 82 64 67 167 139 50 167 64 75 53 102 35 76 49 73 53 90 77 93 50 43 112 72 62 150 81 58 105 102 73 176 140 183 102 93 45 91 58 26 128 113 71 142 165 52 142 141 56 86 73 68 156 169 89 82 181 127 85 69 65 165 130 29 70 143 72 44 102 41 162 67 27 78 16 119 87 141 92 21 69 171 108 135 163 29 136 113 141 30 172 41 68 
110 121 41 36 63 102 14 110 57 46 87 71 122 140 94 37 65 61 117 53 39 24 27 36 74 72 130 55 0 83 69 66 122 105 92 116 10 23 65 73 21 23 13 57 27 70 23 50 41 79 134 36 16 122 67 4 139 56 70 152 85 150 49 39 16 86 66 72 86 132 29 89 140 91 95 110 12 48 82 61 105 144 35 85 150 72 106 44 32 111 78 26 65 93 83 70 135 56 126 64 81 71 39 80 38 116 122 58 99 137 98 97 108 81 88 58 97 68 118 21 36 
162 39 92 93 142 158 96 129 120 84 160 54 44 73 76 52 120 31 148 79 114 68 74 116 19 126 118 82 83 0 138 17 122 79 63 136 90 102 30 47 84 101 70 136 106 32 97 68 114 125 59 57 72 81 23 81 75 76 13 100 144 115 121 105 69 10 24 107 83 53 112 156 90 60 105 77 94 131 150 22 129 95 95 157 111 132 37 44 114 145 149 81 18 113 15 42 72 42 100 137 99 147 76 74 117 70 57 102 47 106 28 82 165 107 162 112 99 112 174 92 118 
152 171 103 98 25 143 65 172 20 112 109 139 181 172 163 103 29 125 173 66 82 93 95 71 123 122 197 64 69 138 0 121 187 174 114 176 71 72 111 141 56 73 76 25 42 135 79 118 28 40 175 103 84 190 129 73 169 124 126 220 127 219 91 92 75 145 116 53 154 176 55 121 207 116 160 178 58 55 13 119 165 212 95 18 218 117 148 108 45 166 107 57 122 157 132 107 166 99 195 9 73 18 63 148 72 183 156 45 133 205 160 165 147 64 106 113 163 42 156 50 44 
151 55 79 79 125 147 80 125 103 73 146 51 60 82 76 38 103 24 141 64 98 53 60 100 13 115 119 67 66 17 121 0 121 81 58 131 73 86 18 45 67 85 53 119 89 30 81 58 97 110 71 44 56 88 18 65 83 67 6 111 132 121 106 90 52 24 12 93 80 67 95 143 100 55 101 81 77 115 133 8 123 104 81 140 118 120 45 30 97 137 135 64 5 107 19 33 79 27 104 120 86 130 60 71 101 78 64 86 48 112 41 82 154 93 148 99 96 97 163 75 101 
86 147 84 90 173 89 123 27 178 76 123 70 119 194 47 100 187 97 48 164 110 101 95 121 134 79 19 167 122 122 187 121 0 48 178 30 117 116 137 76 141 115 120 168 145 91 109 75 161 200 175 95 108 61 103 117 196 66 118 82 90 57 105 97 124 114 132 190 41 166 133 108 75 176 27 53 130 143 200 114 35 75 92 200 63 89 159 101 143 51 113 145 116 33 136 152 193 140 39 180 194 184 152 50 121 69 179 178 168 46 104 40 94 196 128 79 26 188 97 142 145 
117 100 80 85 166 117 112 66 161 68 140 36 71 148 12 73 167 60 88 136 110 81 79 119 93 95 39 139 105 79 174 81 48 0 139 71 104 109 99 38 121 108 99 160 132 52 101 56 146 178 128 71 90 20 64 101 151 53 77 51 111 45 110 96 102 69 94 164 27 119 126 128 40 136 44 7 116 141 187 76 69 42 88 190 45 104 114 71 134 88 128 122 77 55 93 114 148 105 23 169 163 175 126 28 119 23 134 154 126 32 57 14 124 168 145 87 34 164 130 125 137 
197 74 123 120 128 191 105 180 94 120 179 108 101 58 134 84 87 81 194 49 131 93 101 128 46 159 177 50 92 63 114 58 178 139 0 186 102 115 41 103 78 115 81 123 100 88 114 110 100 85 66 90 92 144 76 93 55 119 62 163 175 178 141 128 77 74 46 65 137 70 116 181 153 4 157 139 98 133 122 64 177 158 121 131 174 162 44 80 112 189 170 72 63 161 48 27 52 41 162 117 48 129 59 128 129 133 44 69 24 169 91 140 197 59 179 143 153 75 207 87 115 
57 166 75 81 159 61 114 7 170 71 98 82 141 210 66 103 181 107 18 164 95 99 92 106 145 58 49 167 116 136 176 131 30 71 186 0 109 105 145 89 137 104 118 155 136 104 98 76 151 195 193 97 105 88 115 112 211 67 129 111 64 87 88 84 122 129 142 188 54 185 121 82 103 184 31 78 122 127 189 124 12 104 82 187 93 67 173 106 131 21 89 141 126 25 148 159 208 146 68 169 194 170 151 62 106 94 193 174 180 76 123 60 66 195 104 64 39 184 68 136 133 
100 128 34 28 62 92 8 104 62 41 77 72 127 149 93 40 72 66 109 62 29 25 25 27 82 63 126 64 10 90 71 73 117 104 102 109 0 13 74 75 30 13 22 56 29 74 13 48 44 86 143 38 18 121 72 9 148 53 77 152 76 149 39 29 25 92 75 80 83 140 24 79 140 101 89 109 13 42 84 67 97 144 27 86 149 63 115 48 30 103 68 36 72 87 91 80 144 65 124 65 91 71 48 78 29 116 131 66 109 135 103 95 98 89 78 49 92 75 108 27 33 
90 140 32 26 58 82 11 100 66 42 64 79 137 162 97 51 77 76 103 73 17 35 32 15 95 54 127 75 23 102 72 86 116 109 115 105 13 0 87 83 40 1 35 52 31 83 8 53 46 92 155 47 29 127 83 22 161 56 89 158 65 152 27 21 38 103 87 89 86 152 18 67 146 114 89 114 20 33 85 79 93 150 24 84 153 53 128 59 27 97 55 47 84 85 103 93 157 78 128 64 101 68 60 82 16 123 144 74 122 139 113 98 88 98 65 42 93 82 97 35 29 
161 60 87 86 118 155 79 139 92 82 150 67 74 75 93 46 91 40 154 49 101 58 66 101 12 123 136 53 65 30 111 18 137 99 41 145 74 87 0 62 60 86 52 112 83 47 84 70 89 96 69 52 59 105 35 65 75 79 23 128 140 139 110 95 50 39 6 77 96 67 93 149 117 39 116 99 74 113 123 23 136 122 87 130 136 127 41 40 93 150 139 56 22 121 21 15 71 13 122 111 69 122 49 87 102 95 57 73 37 129 57 99 162 77 151 108 112 83 171 69 97 
120 79 60 63 136 117 82 83 126 49 128 8 61 120 31 38 131 22 102 98 89 50 51 95 58 88 74 102 73 47 141 45 76 38 103 89 75 83 62 0 86 81 65 130 100 16 75 32 113 141 104 38 58 50 27 69 122 35 42 79 106 81 92 76 66 40 57 127 36 96 98 120 67 100 58 40 85 115 154 39 83 71 66 157 80 96 84 34 104 99 116 86 40 66 60 77 119 67 61 137 125 144 89 27 96 43 104 117 92 70 38 37 124 130 132 75 52 128 132 91 108 
130 119 62 57 58 122 30 131 40 66 103 85 126 130 110 48 47 69 138 33 57 41 46 51 71 93 148 35 21 84 56 67 141 121 78 137 30 40 60 86 0 41 22 52 24 79 43 68 30 59 129 49 33 135 73 25 129 75 72 164 105 165 68 59 19 89 63 51 104 127 38 107 152 78 114 124 21 55 69 64 125 156 56 74 165 92 100 53 35 132 95 6 67 114 80 60 125 48 143 54 61 63 20 97 53 128 113 37 90 153 104 114 128 60 103 79 116 47 138 9 38 
89 139 31 25 59 81 11 99 67 40 65 77 136 161 96 50 78 75 102 74 16 34 31 15 94 53 126 76 23 101 73 85 115 108 115 104 13 1 86 81 41 0 35 54 33 82 6 52 48 93 155 46 29 126 82 22 161 55 88 157 65 151 27 20 38 102 87 90 84 151 19 67 145 114 87 113 21 34 86 79 92 149 22 85 152 52 127 58 28 96 55 47 83 84 103 92 157 78 126 66 102 70 60 80 16 122 143 75 121 137 112 97 87 99 65 41 92 83 97 36 31 
118 108 45 41 74 111 27 112 62 47 99 64 110 127 88 27 68 50 121 46 50 20 26 49 61 80 127 49 13 70 76 53 120 99 81 118 22 35 52 65 22 35 0 68 37 59 33 46 49 80 121 28 13 114 55 13 126 54 57 143 94 144 60 47 4 74 53 70 82 118 42 100 131 80 94 103 24 62 89 48 107 135 42 93 143 81 93 33 44 116 89 24 52 94 70 58 122 43 121 73 76 81 33 75 51 107 109 57 87 131 87 92 117 77 100 65 95 68 127 26 48 
127 171 85 79 6 118 48 151 35 94 84 127 177 179 148 94 48 118 150 74 60 80 81 48 123 99 180 73 57 136 25 119 168 160 123 155 56 52 112 130 52 54 68 0 30 127 60 104 24 62 180 92 72 177 123 60 177 108 123 208 103 204 67 71 67 141 115 70 138 179 35 96 196 124 141 165 45 30 35 115 143 200 76 32 205 93 151 100 26 143 82 56 118 137 132 111 174 100 180 16 89 16 66 133 49 172 163 58 139 190 154 150 122 81 81 91 146 59 131 43 23 
119 142 62 56 37 111 23 131 34 69 86 98 147 154 121 64 46 87 134 53 45 51 53 36 94 85 155 53 27 106 42 89 145 132 100 136 29 31 83 100 24 33 37 30 0 97 38 76 15 61 152 63 43 149 92 31 152 82 93 179 94 177 56 53 37 110 86 61 112 151 19 93 167 101 118 137 16 33 56 85 124 171 54 57 177 82 124 70 12 128 79 29 88 115 103 84 149 72 153 37 76 44 41 106 37 143 136 46 113 163 124 123 116 71 84 74 121 53 126 14 15 
132 66 66 68 133 128 81 98 119 57 135 22 54 105 46 34 122 10 116 87 92 49 52 97 42 98 89 90 70 32 135 30 91 52 88 104 74 83 47 16 79 82 59 127 97 0 77 39 108 131 90 36 56 60 12 67 107 45 26 86 116 93 97 81 61 26 42 116 52 83 98 129 75 85 73 52 82 116 148 25 97 79 71 152 91 105 69 27 102 113 123 79 25 81 45 62 104 54 75 132 113 140 79 43 98 51 89 107 77 83 30 52 135 119 138 84 67 118 144 86 106 
87 135 25 19 66 79 15 94 72 34 66 71 131 159 89 45 83 70 97 75 17 29 25 20 91 50 119 77 23 97 79 81 109 101 114 98 13 8 84 75 43 6 33 60 38 77 0 46 53 97 152 41 25 119 77 21 159 49 84 151 63 144 27 16 37 98 84 93 78 148 25 67 139 113 81 107 24 40 92 75 87 142 17 92 145 50 124 54 34 91 56 49 79 78 100 91 155 76 120 72 104 76 61 74 21 116 141 78 120 131 107 90 85 102 67 37 85 87 95 39 37 
94 105 28 31 110 89 55 70 107 17 97 26 92 140 45 26 114 37 84 90 57 27 23 65 72 59 81 93 50 68 118 58 75 56 110 76 48 53 70 32 68 52 46 104 76 39 46 0 91 126 127 21 35 74 46 46 141 9 58 105 77 100 60 44 50 65 67 116 36 121 70 90 93 108 49 61 60 85 132 51 67 97 34 134 101 65 103 30 78 80 85 71 54 52 77 83 138 70 76 113 119 119 78 30 65 70 123 103 106 87 68 47 97 122 100 44 49 114 105 70 81 
133 149 77 71 29 124 38 146 20 85 95 112 157 156 135 76 33 99 149 51 59 65 68 49 101 99 170 50 41 114 28 97 161 146 100 151 44 46 89 113 30 48 49 24 15 108 53 91 0 48 156 76 57 162 103 45 154 97 102 192 107 191 69 67 48 120 93 51 127 156 32 104 180 101 133 151 31 40 41 94 140 184 69 44 191 96 128 82 22 143 91 33 97 131 110 87 150 77 167 24 69 33 42 121 50 156 139 38 116 178 134 138 129 62 93 89 136 42 138 23 23 
180 152 120 114 63 172 82 189 28 125 143 142 169 143 168 105 15 122 195 46 106 100 105 97 108 146 207 43 79 125 40 110 200 178 85 195 86 92 96 141 59 93 80 62 61 131 97 126 48 0 150 107 92 190 122 83 139 134 116 218 155 222 117 113 77 134 101 20 163 153 80 152 206 87 173 181 73 87 42 110 183 210 113 52 221 144 125 107 70 188 138 56 113 172 115 86 136 84 200 48 38 57 52 155 98 182 129 24 107 210 151 172 177 27 141 134 175 13 186 59 71 
221 28 150 150 186 216 148 186 155 143 217 111 63 23 129 109 150 90 205 109 169 124 131 170 61 185 167 112 134 59 175 71 175 128 66 193 143 155 69 104 129 155 121 180 152 90 152 127 156 150 0 115 127 123 82 134 28 135 70 130 203 153 177 162 119 64 68 131 139 10 163 214 124 63 162 124 144 182 185 79 186 128 152 193 148 191 28 101 162 203 206 124 75 170 52 69 27 80 146 177 114 188 114 131 171 112 23 132 43 149 71 135 224 125 219 170 154 139 232 138 166 
109 96 36 35 98 103 45 91 89 30 103 36 90 125 61 6 96 29 103 69 57 12 16 61 56 71 100 72 36 57 103 44 95 71 90 97 38 47 52 38 49 46 28 92 63 36 41 21 76 107 115 0 20 86 37 32 126 30 45 116 89 116 63 47 31 57 50 96 56 110 61 99 104 89 70 75 47 79 117 36 87 108 38 120 115 76 89 14 67 99 91 51 40 73 63 64 122 50 93 99 99 107 57 48 62 80 108 84 89 103 66 64 110 101 105 56 69 94 120 54 70 
106 111 33 29 78 99 25 99 72 34 91 56 109 134 79 22 79 48 108 59 42 8 13 44 66 68 115 62 16 72 84 56 108 90 92 105 18 29 59 58 33 29 13 72 43 56 25 35 57 92 127 20 0 106 54 12 134 42 59 136 83 135 51 37 17 74 59 83 71 123 42 90 124 90 81 94 27 60 98 50 94 128 30 100 134 70 99 30 47 103 80 37 54 81 74 67 130 52 111 80 89 87 46 65 45 100 116 70 95 121 85 82 106 90 92 52 83 80 115 35 50 
136 95 99 103 183 137 129 82 175 87 160 50 62 144 32 87 180 69 105 147 129 97 97 138 98 115 47 150 122 81 190 88 61 20 144 88 121 127 105 50 135 126 114 177 149 60 119 74 162 190 123 86 106 0 71 117 147 72 83 31 131 34 130 116 116 70 100 176 47 113 144 148 20 140 63 13 133 159 203 84 87 23 107 206 31 124 113 83 151 106 148 136 83 74 96 120 145 113 24 185 173 192 138 47 138 11 132 166 127 26 55 34 143 179 165 107 53 177 149 140 154 
139 60 70 71 129 135 79 108 112 62 139 34 55 96 58 32 114 9 126 77 94 48 53 97 31 104 101 81 67 23 129 18 103 64 76 115 72 83 35 27 73 82 55 123 92 12 77 46 103 122 82 37 54 71 0 64 97 53 15 96 122 104 100 84 55 21 30 106 63 75 96 134 84 73 84 64 79 114 142 13 107 89 74 147 102 110 59 24 99 122 127 72 13 91 34 50 94 43 86 127 102 136 71 54 98 61 79 98 65 94 32 64 142 108 141 89 79 109 151 80 103 
107 119 37 32 67 99 15 106 61 41 86 67 119 140 90 34 70 58 113 56 38 20 22 36 73 69 125 58 4 81 73 65 117 101 93 112 9 22 65 69 25 22 13 60 31 67 21 46 45 83 134 32 12 117 64 0 139 52 68 148 83 146 47 36 16 84 66 76 82 131 31 87 136 93 90 106 15 50 86 59 100 140 32 89 146 70 106 41 35 107 76 30 63 89 82 71 135 56 122 68 85 75 42 75 38 112 122 62 100 132 96 92 106 84 87 55 92 72 115 25 39 
234 54 161 160 183 229 153 205 149 156 225 129 89 5 150 120 142 105 223 104 176 133 140 175 70 197 190 105 139 75 169 83 196 151 55 211 148 161 75 122 129 161 126 177 152 107 159 141 154 139 28 126 134 147 97 139 0 149 83 157 214 179 185 170 123 83 76 120 158 38 166 223 150 53 180 148 147 184 177 91 204 154 162 187 174 202 38 112 163 219 214 123 87 188 64 69 4 83 170 172 102 183 112 149 177 136 18 124 39 174 93 156 236 113 226 182 174 130 245 138 167 
86 112 27 32 114 83 60 61 113 16 93 28 96 148 41 36 121 45 75 98 58 34 30 66 80 53 73 102 56 76 124 67 66 53 119 67 53 56 79 35 75 55 54 108 82 45 49 9 97 134 135 30 42 72 53 52 149 0 66 103 71 96 59 44 58 72 76 124 30 128 74 85 91 117 40 59 66 88 138 59 58 95 35 139 97 60 111 40 82 71 81 78 62 43 85 92 146 79 72 118 128 124 86 25 67 69 131 111 115 82 73 42 90 130 97 40 40 122 98 77 85 
151 51 80 81 129 147 83 123 108 73 148 48 55 82 72 39 109 22 140 69 101 55 61 103 16 115 115 73 70 13 126 6 118 77 62 129 77 89 23 42 72 88 57 123 93 26 84 58 102 116 70 45 59 83 15 68 83 66 0 105 133 116 108 92 56 18 17 98 77 65 99 144 94 59 99 77 81 118 139 9 121 99 83 145 113 121 45 31 101 136 136 69 5 105 19 38 80 33 100 125 92 135 66 68 104 72 65 92 51 107 35 79 154 99 150 100 93 102 163 80 105 
164 103 130 135 214 165 160 107 205 119 191 81 68 153 63 116 209 96 129 173 161 128 127 169 119 145 64 176 152 100 220 111 82 51 163 111 152 158 128 79 164 157 143 208 179 86 151 105 192 218 130 116 136 31 96 148 157 103 105 0 160 30 161 147 145 90 122 202 78 120 175 178 12 160 91 45 163 191 233 108 113 9 138 236 23 155 127 112 182 131 179 165 107 102 115 142 155 138 43 216 197 223 166 78 170 36 144 194 144 36 72 64 171 204 195 138 81 204 176 170 185 
25 181 53 55 106 17 76 64 127 60 34 99 167 214 100 95 140 113 52 138 49 82 74 58 145 18 107 140 85 144 127 132 90 111 175 64 76 65 140 106 105 65 94 103 94 116 63 77 107 155 203 89 83 131 122 83 214 71 133 160 0 143 39 47 98 142 139 154 84 197 75 18 150 173 70 118 85 73 138 125 55 152 53 134 147 13 178 102 85 46 26 111 128 60 151 150 211 135 120 119 166 117 124 87 57 132 196 139 177 130 144 97 23 164 39 33 80 147 33 100 85 
142 125 121 127 210 145 156 84 206 111 175 80 91 175 56 118 211 102 105 179 151 126 124 161 131 130 38 183 150 115 219 121 57 45 178 87 149 152 139 81 165 151 144 204 177 93 144 100 191 222 153 116 135 34 104 146 179 96 116 30 143 0 150 138 146 104 134 208 67 143 170 161 30 174 73 42 161 183 232 117 91 27 130 234 7 139 146 115 178 108 164 167 117 83 130 154 177 147 25 214 206 219 170 71 161 45 164 198 161 14 88 54 151 212 180 125 64 209 154 170 181 
64 159 32 29 71 55 38 85 89 43 40 86 151 185 98 69 101 92 83 101 11 53 47 20 117 31 120 102 49 121 91 106 105 110 141 88 39 27 110 92 68 27 60 67 56 97 27 60 69 117 177 63 51 130 100 47 185 59 108 161 39 150 0 16 64 120 110 115 84 173 37 40 149 140 80 116 47 38 102 99 77 152 26 99 152 27 150 77 47 76 29 74 103 73 125 118 181 103 125 82 128 83 87 83 19 128 167 101 146 136 127 97 61 125 42 26 87 108 71 62 47 
71 143 17 13 76 64 31 80 87 28 56 70 135 170 84 53 98 75 82 91 14 38 31 24 102 34 110 93 39 105 92 90 97 96 128 84 29 21 95 76 59 20 47 71 53 81 16 44 67 113 162 47 37 116 84 36 170 44 92 147 47 138 16 0 51 104 95 109 71 157 37 53 135 127 70 102 40 46 105 83 72 138 10 103 139 34 135 61 47 75 44 65 87 65 109 104 167 89 113 85 120 87 77 69 24 113 152 95 132 124 111 84 70 118 58 21 76 103 80 55 49 
122 106 49 46 74 115 30 116 59 51 102 66 110 124 91 29 65 51 125 42 54 23 30 52 59 84 130 45 16 69 75 52 124 102 77 122 25 38 50 66 19 38 4 67 37 61 37 50 48 77 119 31 17 116 55 16 123 58 56 145 98 146 64 51 0 73 51 66 86 116 44 103 133 76 98 105 25 63 88 48 111 137 46 92 146 85 91 34 45 120 93 21 51 98 68 55 120 40 124 72 72 80 29 78 53 109 106 54 84 134 87 95 121 73 103 69 98 64 131 25 49 
158 40 91 92 147 154 99 123 127 82 159 48 37 81 67 52 127 29 141 87 114 69 74 118 29 124 108 91 86 10 145 24 114 69 74 129 92 103 39 40 89 102 74 141 110 26 98 65 120 134 64 57 74 70 21 84 83 72 18 90 142 104 120 104 73 0 33 116 76 57 115 154 80 70 98 67 98 134 157 26 123 84 94 163 100 130 45 44 118 139 148 87 22 106 25 52 80 50 90 143 108 153 84 67 119 60 65 110 57 96 18 74 161 116 162 109 91 120 170 98 122 
159 56 86 85 121 153 80 135 96 80 150 63 68 76 88 44 96 35 151 55 102 57 65 102 8 122 131 58 66 24 116 12 132 94 46 142 75 87 6 57 63 87 53 115 86 42 84 67 93 101 68 50 59 100 30 66 76 76 17 122 139 134 110 95 51 33 0 83 92 65 95 148 111 43 112 94 76 114 127 18 133 116 86 134 130 126 40 37 96 147 139 60 17 117 17 21 72 17 116 115 75 126 53 82 103 90 58 78 39 124 51 94 161 83 151 106 107 88 170 72 100 
179 132 113 108 73 171 78 182 36 117 146 128 151 123 155 92 24 106 189 29 105 90 96 96 89 143 195 26 72 107 53 93 190 164 65 188 80 89 77 127 51 90 70 70 61 116 93 116 51 20 131 96 83 176 106 76 120 124 98 202 154 208 115 109 66 116 83 0 151 133 80 153 190 68 164 166 69 91 58 94 176 195 107 68 206 141 105 93 72 183 140 46 96 164 97 67 117 66 187 59 20 70 38 143 98 167 109 15 88 196 134 159 176 11 144 130 164 11 186 54 73 
92 113 55 60 144 91 90 47 143 44 113 29 89 156 16 59 150 56 67 124 85 63 59 94 93 68 44 128 86 83 154 80 41 27 137 54 83 86 96 36 104 84 82 138 112 52 78 36 127 163 139 56 71 47 63 82 158 30 77 78 84 67 84 71 86 76 92 151 0 131 103 101 67 135 23 34 96 116 167 73 48 69 63 169 68 77 120 60 112 66 101 107 75 32 96 111 155 99 42 148 153 153 113 9 95 48 140 139 128 53 70 14 98 157 117 60 16 150 105 106 115 
214 19 145 145 185 210 146 178 156 137 213 104 53 33 120 104 152 84 198 110 165 120 126 167 57 179 158 113 132 53 176 67 166 119 70 185 140 152 67 96 127 151 118 179 151 83 148 121 156 153 10 110 123 113 75 131 38 128 65 120 197 143 173 157 116 57 65 133 131 0 160 209 114 67 154 115 142 180 186 74 179 118 148 194 138 185 28 96 161 195 201 123 70 162 49 69 36 79 136 177 118 188 114 123 168 102 30 134 46 139 62 127 218 129 215 165 146 142 226 137 165 
101 150 50 44 40 92 16 117 52 59 67 95 150 167 114 64 64 89 118 70 27 49 48 17 103 67 145 71 29 112 55 95 133 126 116 121 24 18 93 98 38 19 42 35 19 98 25 70 32 80 163 61 42 144 96 31 166 74 99 175 75 170 37 37 44 115 95 80 103 160 0 73 163 116 106 131 19 19 68 90 110 167 41 67 171 64 134 72 10 111 60 44 94 102 112 97 162 83 145 47 95 51 57 99 18 140 149 65 126 156 127 116 97 90 66 58 111 72 107 30 12 
34 194 64 64 98 25 78 81 124 72 17 113 181 223 117 105 137 125 69 140 50 91 83 57 154 33 125 142 89 156 121 143 108 128 181 82 79 67 149 120 107 67 100 96 93 129 67 90 104 152 214 99 90 148 134 87 223 85 144 178 18 161 40 53 103 154 148 153 101 209 73 0 167 180 88 135 86 66 131 135 73 170 62 125 165 25 188 113 82 62 14 114 139 78 162 157 220 142 137 112 167 109 127 103 56 149 205 139 185 148 158 114 27 164 23 45 97 145 35 101 81 
154 96 118 123 202 155 148 99 192 107 180 69 61 146 51 104 197 85 121 161 149 116 115 157 108 135 58 165 140 90 207 100 75 40 153 103 140 146 117 67 152 145 131 196 167 75 139 93 180 206 124 104 124 20 84 136 150 91 94 12 150 30 149 135 133 80 111 190 67 114 163 167 0 150 81 33 151 178 221 97 104 4 126 224 24 144 119 100 170 122 168 153 96 92 105 132 148 126 35 203 186 211 154 67 158 24 136 182 135 31 62 53 162 193 184 126 71 193 167 158 173 
196 70 121 119 130 189 104 177 96 119 178 106 97 56 131 82 89 79 192 50 130 92 100 127 43 158 174 52 91 60 116 55 176 136 4 184 101 114 39 100 78 114 80 124 101 85 113 108 101 87 63 89 90 140 73 93 53 117 59 160 173 174 140 127 76 70 43 68 135 67 116 180 150 0 154 136 97 133 124 61 175 154 120 133 171 160 41 77 112 187 169 72 60 159 45 25 50 39 159 119 51 130 60 125 129 130 42 71 21 165 88 137 196 62 179 142 150 77 206 87 116 
73 135 57 62 146 74 95 24 151 49 102 51 111 179 36 75 160 77 45 139 83 74 68 94 114 57 40 142 95 105 160 101 27 44 157 31 89 89 116 58 114 87 94 141 118 73 81 49 133 173 162 70 81 63 84 90 180 40 99 91 70 73 80 70 98 98 112 164 23 154 106 88 81 154 0 51 102 116 173 94 26 83 65 173 77 66 142 78 116 44 91 118 96 11 118 130 177 117 50 153 168 157 126 31 94 67 162 151 149 60 93 31 80 171 107 54 10 161 86 115 118 
124 96 86 90 171 124 117 72 164 74 147 39 66 145 18 76 170 61 94 138 116 86 84 125 92 102 43 141 110 77 178 81 53 7 139 78 109 114 99 40 124 113 103 165 137 52 107 61 151 181 124 75 94 13 64 106 148 59 77 45 118 42 116 102 105 67 94 166 34 115 131 135 33 136 51 0 121 146 192 77 76 36 94 194 40 111 112 73 139 95 135 126 77 62 92 114 145 106 23 174 165 180 129 34 125 16 131 156 124 30 54 21 131 170 151 94 41 167 137 129 142 
110 131 47 41 51 102 9 117 49 54 82 82 133 148 105 48 59 73 121 54 36 35 37 30 84 74 139 56 12 94 58 77 130 116 98 122 13 20 74 85 21 21 24 45 16 82 24 60 31 73 144 47 27 133 79 15 147 66 81 163 85 161 47 40 25 98 76 69 96 142 19 86 151 97 102 121 0 38 72 72 110 155 40 74 161 73 116 55 20 115 74 27 76 100 93 78 143 64 137 53 81 60 41 90 32 127 130 55 107 147 110 107 108 79 82 61 105 63 117 15 24 
97 169 62 56 33 88 35 123 59 72 56 111 169 185 129 82 72 108 121 86 33 67 65 22 122 69 156 86 48 131 55 115 143 141 133 127 42 33 113 115 55 34 62 30 33 116 40 85 40 87 182 79 60 159 114 50 184 88 118 191 73 183 38 46 63 134 114 91 116 180 19 66 178 133 116 146 38 0 65 109 115 182 53 61 184 64 154 90 21 114 52 61 113 110 131 115 181 102 158 46 108 45 74 113 22 155 168 77 145 169 145 129 92 102 53 64 122 82 101 47 18 
163 182 116 111 33 154 78 184 31 125 118 153 194 180 176 117 35 138 185 76 94 106 109 83 135 134 211 73 82 150 13 133 200 187 122 189 84 85 123 154 69 86 89 35 56 148 92 132 41 42 185 117 98 203 142 86 177 138 139 233 138 232 102 105 88 157 127 58 167 186 68 131 221 124 173 192 72 65 0 131 177 225 108 11 232 129 158 122 58 178 117 70 135 169 143 117 174 110 208 20 78 22 74 162 84 197 165 53 142 219 173 179 157 68 115 125 177 48 166 63 56 
144 61 72 72 121 139 74 117 101 65 139 44 63 90 70 30 103 17 133 65 92 46 52 94 21 107 113 68 61 22 119 8 114 76 64 124 67 79 23 39 64 79 48 115 85 25 75 51 94 110 79 36 50 84 13 59 91 59 9 108 125 117 99 83 48 26 18 94 73 74 90 135 97 61 94 77 72 109 131 0 115 102 74 137 115 112 53 22 92 130 127 62 4 99 27 38 87 30 99 117 89 127 59 64 95 74 72 86 56 107 41 76 146 95 141 92 89 97 155 72 96 
51 161 64 69 148 54 102 9 159 60 89 75 137 202 62 93 169 99 19 153 84 88 81 95 136 47 54 156 105 129 165 123 35 69 177 12 97 93 136 83 125 92 107 143 124 97 87 67 140 183 186 87 94 87 107 100 204 58 121 113 55 91 77 72 111 123 133 176 48 179 110 73 104 175 26 76 110 115 177 115 0 106 71 175 96 56 166 97 120 18 79 130 118 16 141 150 201 136 70 157 183 159 140 56 94 92 186 163 171 79 118 56 59 184 94 52 35 172 63 124 121 
156 100 122 126 206 157 151 100 197 110 182 72 65 150 54 108 201 89 122 166 152 120 119 161 113 137 58 169 144 95 212 104 75 42 158 104 144 150 122 71 156 149 135 200 171 79 142 97 184 210 128 108 128 23 89 140 154 95 99 9 152 27 152 138 137 84 116 195 69 118 167 170 4 154 83 36 155 182 225 102 106 0 129 228 21 146 123 104 174 124 170 157 100 94 109 136 152 131 36 207 190 214 158 70 161 28 140 186 139 30 67 56 163 197 187 129 73 197 168 162 177 
76 133 8 3 82 69 31 77 88 19 65 61 125 162 76 43 98 66 82 87 23 29 22 31 93 38 103 89 35 95 95 81 92 88 121 82 27 24 87 66 56 22 42 76 54 71 17 34 69 113 152 38 30 107 74 32 162 35 83 138 53 130 26 10 46 94 86 107 63 148 41 62 126 120 65 94 40 53 108 74 71 129 0 108 131 40 126 51 51 76 54 62 78 61 100 96 158 82 105 88 116 92 73 60 32 104 144 93 124 116 101 76 76 116 68 23 69 102 86 54 53 
158 189 116 110 28 149 79 183 38 125 112 156 200 189 178 120 45 143 182 84 92 109 110 81 142 131 211 82 85 157 18 140 200 190 131 187 86 84 130 157 74 85 93 32 57 152 92 134 44 52 193 120 100 206 147 89 187 139 145 236 134 234 99 103 92 163 134 68 169 194 67 125 224 133 173 194 74 61 11 137 175 228 108 0 234 125 166 126 57 175 112 75 140 169 150 125 183 117 210 21 89 17 81 163 81 200 174 62 151 221 178 180 152 78 108 123 177 57 161 67 55 
147 120 123 128 211 149 156 89 205 112 178 80 85 170 56 117 210 100 111 177 153 126 124 163 128 133 44 181 150 111 218 118 63 45 174 93 149 153 136 80 165 152 143 205 177 91 145 101 191 221 148 115 134 31 102 146 174 97 113 23 147 7 152 139 146 100 130 206 68 138 171 165 24 171 77 40 161 184 232 115 96 21 131 234 0 142 141 113 178 113 167 166 114 87 126 151 171 144 27 214 204 220 169 72 163 41 159 197 156 17 84 55 155 209 183 127 67 207 159 169 181 
37 170 41 42 97 30 63 64 116 48 36 89 157 202 93 82 128 102 58 125 37 69 62 47 132 9 105 127 72 132 117 120 89 104 162 67 63 53 127 96 92 52 81 93 82 105 50 65 96 144 191 76 70 124 110 70 202 60 121 155 13 139 27 34 85 130 126 141 77 185 64 25 144 160 66 111 73 64 129 112 56 146 40 125 142 0 165 90 74 51 25 98 116 57 139 137 198 122 115 109 153 108 111 79 46 125 184 127 164 126 133 91 36 151 41 21 75 135 46 88 74 
197 30 125 124 157 192 120 167 128 118 190 91 60 37 112 83 124 67 184 82 142 97 104 142 33 160 153 85 106 37 148 45 159 114 44 173 115 128 41 84 100 127 93 151 124 69 124 103 128 125 28 89 99 113 59 106 38 111 45 127 178 146 150 135 91 45 40 105 120 28 134 188 119 41 142 112 116 154 158 53 166 123 126 166 141 165 0 75 134 181 179 96 49 150 26 41 35 52 134 149 91 160 86 111 143 102 20 105 20 139 58 119 199 101 191 145 136 113 208 109 138 
122 82 49 49 106 117 55 100 93 43 116 35 79 112 62 8 97 18 114 65 70 24 30 73 42 85 103 69 44 44 108 30 101 71 80 106 48 59 40 34 53 58 33 100 70 27 54 30 82 107 101 14 30 83 24 41 112 40 31 112 102 115 77 61 34 44 37 93 60 96 72 113 100 77 78 73 55 90 122 22 97 104 51 126 113 90 75 0 76 110 105 53 26 82 49 53 109 40 94 105 94 114 56 51 74 76 94 83 76 103 55 66 124 98 119 70 75 94 133 59 80 
110 151 59 53 32 102 22 127 42 68 74 101 154 165 122 69 55 93 128 65 37 55 55 27 103 78 154 65 32 114 45 97 143 134 112 131 30 27 93 104 35 28 44 26 12 102 34 78 22 70 162 67 47 151 99 35 163 82 101 182 85 178 47 47 45 118 96 72 112 161 10 82 170 112 116 139 20 21 58 92 120 174 51 57 178 74 134 76 0 122 69 40 96 112 112 95 160 82 154 38 87 42 53 107 28 146 147 57 124 164 130 124 106 82 73 68 120 63 116 25 4 
35 177 70 75 147 40 106 24 162 70 79 91 155 218 80 105 174 114 7 162 84 98 90 95 151 45 70 165 111 145 166 137 51 88 189 21 103 97 150 99 132 96 116 143 128 113 91 80 143 188 203 99 103 106 122 107 219 71 136 131 46 108 76 75 120 139 147 183 66 195 111 62 122 187 44 95 115 114 178 130 18 124 76 175 113 51 181 110 122 0 72 137 133 34 156 163 216 149 88 158 192 158 148 73 95 111 201 169 185 96 135 75 44 192 85 54 54 178 46 130 122 
47 187 57 56 84 38 66 88 110 67 12 110 177 214 117 97 123 119 78 128 39 82 75 44 146 34 130 130 78 149 107 135 113 128 170 89 68 55 139 116 95 55 89 82 79 123 56 85 91 138 206 91 80 148 127 76 214 81 136 179 26 164 29 44 93 148 139 140 101 201 60 14 168 169 91 135 74 52 117 127 79 170 54 112 167 25 179 105 69 72 0 101 131 81 154 147 211 132 140 98 154 95 115 102 43 148 196 125 175 150 153 115 40 150 16 42 100 132 49 88 67 
136 116 67 62 62 128 36 136 40 70 109 87 124 125 112 49 44 69 143 27 63 44 50 58 67 98 151 29 26 81 57 64 145 122 72 141 36 47 56 86 6 47 24 56 29 79 49 71 33 56 124 51 37 136 72 30 123 78 69 165 111 167 74 65 21 87 60 46 107 123 44 114 153 72 118 126 27 61 70 62 130 157 62 75 166 98 96 53 40 137 101 0 65 118 76 55 120 44 145 56 55 66 13 99 59 129 108 33 84 154 103 116 134 54 109 85 119 43 144 15 44 
147 57 76 76 125 142 78 120 104 69 143 46 59 86 71 34 105 19 136 66 96 50 56 98 18 111 114 70 65 18 122 5 116 77 63 126 72 84 22 40 67 83 52 118 88 25 79 54 97 113 75 40 54 83 13 63 87 62 5 107 128 117 103 87 51 22 17 96 75 70 94 139 96 60 96 77 76 113 135 4 118 100 78 140 114 116 49 26 96 133 131 65 0 102 23 37 84 31 99 121 90 130 62 66 99 73 69 89 53 107 39 77 150 97 145 96 91 99 159 75 100 
62 144 53 59 141 63 92 18 149 48 92 59 121 186 47 78 159 83 35 140 78 75 68 89 120 47 48 143 93 113 157 107 33 55 161 25 87 85 121 66 114 84 94 137 115 81 78 52 131 172 170 73 81 74 91 89 188 43 105 102 60 83 73 65 98 106 117 164 32 162 102 78 92 159 11 62 100 110 169 99 16 94 61 169 87 57 150 82 112 34 81 118 102 0 124 134 185 121 60 149 170 152 127 40 89 78 170 151 155 70 102 42 69 171 97 47 21 161 75 114 114 
170 39 99 98 138 166 97 142 113 92 165 67 55 63 90 57 111 41 159 69 117 72 79 118 9 134 132 72 83 15 132 19 136 93 48 148 91 103 21 60 80 103 70 132 103 45 100 77 110 115 52 63 74 96 34 82 64 85 19 115 151 130 125 109 68 25 17 97 96 49 112 162 105 45 118 92 93 131 143 27 141 109 100 150 126 139 26 49 112 156 154 76 23 124 0 30 61 33 115 132 86 142 69 87 119 85 46 93 32 121 43 96 173 95 166 119 112 102 182 89 116 
171 66 97 95 117 165 84 153 87 94 157 82 85 70 108 58 84 55 167 41 108 68 76 107 24 134 151 44 70 42 107 33 152 114 27 159 80 93 15 77 60 92 58 111 84 62 91 83 87 86 69 64 67 120 50 71 69 92 38 142 150 154 118 104 55 52 21 67 111 69 97 157 132 25 130 114 78 115 117 38 150 136 96 125 151 137 41 53 95 163 147 55 37 134 30 0 65 15 137 108 57 119 45 101 108 110 52 65 30 144 70 114 172 65 158 118 126 74 182 70 99 
231 52 158 157 179 226 149 202 146 152 221 126 87 6 147 116 139 102 219 100 173 129 137 172 66 194 187 102 135 72 166 79 193 148 52 208 144 157 71 119 125 157 122 174 149 104 155 138 150 136 27 122 130 145 94 135 4 146 80 155 211 177 181 167 120 80 72 117 155 36 162 220 148 50 177 145 143 181 174 87 201 152 158 183 171 198 35 109 160 216 211 120 84 185 61 65 0 79 167 169 99 180 108 146 173 134 15 121 36 171 91 153 233 110 222 178 171 127 242 134 164 
157 72 83 80 106 151 70 139 79 80 142 71 86 84 98 44 78 45 153 37 94 53 61 92 25 119 141 41 56 42 99 27 140 105 41 146 65 78 13 67 48 78 43 100 72 54 76 70 77 84 80 50 52 113 43 56 83 79 33 138 135 147 103 89 40 50 17 66 99 79 83 142 126 39 117 106 64 102 110 30 136 131 82 117 144 122 52 40 82 149 132 44 31 121 33 15 79 0 128 99 60 110 36 90 94 104 66 61 44 136 68 104 157 66 143 103 114 70 167 58 86 
121 118 97 102 186 123 132 64 182 86 151 59 85 167 32 95 189 83 86 159 127 103 100 136 115 106 23 162 126 100 195 104 39 23 162 68 124 128 122 61 143 126 121 180 153 75 120 76 167 200 146 93 111 24 86 122 170 72 100 43 120 25 125 113 124 90 116 187 42 136 145 137 35 159 50 23 137 158 208 99 70 36 105 210 27 115 134 94 154 88 140 145 99 60 115 137 167 128 0 190 186 195 149 47 137 34 154 176 147 11 76 30 129 191 156 100 40 187 133 146 156 
143 171 97 91 16 134 58 164 24 105 100 135 180 175 158 100 35 123 165 68 74 88 90 63 123 114 191 67 64 137 9 120 180 169 117 169 65 64 111 137 54 66 73 16 37 132 72 113 24 48 177 99 80 185 127 68 172 118 125 216 119 214 82 85 72 143 115 59 148 177 47 112 203 119 153 174 53 46 20 117 157 207 88 21 214 109 149 105 38 158 98 56 121 149 132 108 169 99 190 0 79 11 63 143 63 179 159 49 135 200 158 160 138 70 97 105 157 48 147 47 36 
191 119 121 117 93 183 90 188 55 123 161 128 141 105 155 94 44 104 197 30 117 95 102 110 80 154 197 27 81 99 73 86 194 163 48 194 91 101 69 125 61 102 76 89 76 113 104 119 69 38 114 99 89 173 102 85 102 128 92 197 166 206 128 120 72 108 75 20 153 118 95 167 186 51 168 165 81 108 78 89 183 190 116 89 204 153 91 94 87 192 154 55 90 170 86 57 99 60 186 79 0 90 43 145 112 163 92 31 72 195 126 160 189 11 160 139 167 31 199 66 90 
141 182 100 95 11 132 64 166 35 110 96 142 189 186 164 107 46 131 165 80 75 95 96 64 134 114 195 78 71 147 18 130 184 175 129 170 71 68 122 144 63 70 81 16 44 140 76 119 33 57 188 107 87 192 136 75 183 124 135 223 117 219 83 87 80 153 126 70 153 188 51 109 211 130 157 180 60 45 22 127 159 214 92 17 220 108 160 114 42 158 95 66 130 152 142 119 180 110 195 11 90 0 74 149 64 187 170 60 146 206 167 166 136 81 92 107 161 59 144 55 39 
148 108 78 74 72 141 49 145 43 80 123 90 120 114 117 54 44 70 154 14 76 52 59 71 61 111 157 16 39 76 63 60 152 126 59 151 48 60 49 89 20 60 33 66 41 79 61 78 42 52 114 57 46 138 71 42 112 86 66 166 124 170 87 77 29 84 53 38 113 114 57 127 154 60 126 129 41 74 74 59 140 158 73 81 169 111 86 56 53 148 115 13 62 127 69 45 108 36 149 63 43 74 0 105 72 130 97 28 73 158 100 121 147 44 122 96 126 39 157 28 56 
97 105 52 57 139 96 85 55 136 41 114 20 82 147 16 51 143 47 75 116 82 56 53 91 84 70 52 119 80 74 148 71 50 28 128 62 78 82 87 27 97 80 75 133 106 43 74 30 121 155 131 48 65 47 54 75 149 25 68 78 87 71 83 69 78 67 82 143 9 123 99 103 67 125 31 34 90 113 162 64 56 70 60 163 72 79 111 51 107 73 102 99 66 40 87 101 146 90 47 143 145 149 105 0 92 46 131 132 119 57 62 17 103 148 118 60 25 142 110 100 110 
82 156 40 35 53 74 24 102 70 51 50 91 152 177 107 66 83 91 101 86 11 50 46 1 111 50 134 87 38 117 72 101 121 119 129 106 29 16 102 96 53 16 51 49 37 98 21 65 50 98 171 62 45 138 98 38 177 67 104 170 57 161 19 24 53 119 103 98 95 168 18 56 158 129 94 125 32 22 84 95 94 161 32 81 163 46 143 74 28 95 43 59 99 89 119 108 173 94 137 63 112 64 72 92 0 135 159 83 137 148 128 108 79 108 50 43 100 90 88 46 28 
140 84 96 101 178 140 124 88 168 85 160 45 51 133 32 80 173 61 110 138 127 92 92 134 87 116 56 141 116 70 183 78 69 23 133 94 116 123 95 43 128 122 107 172 143 51 116 70 156 182 112 80 100 11 61 112 136 69 72 36 132 45 128 113 109 60 90 167 48 102 140 149 24 130 67 16 127 155 197 74 92 28 104 200 41 125 102 76 146 111 148 129 73 78 85 110 134 104 34 179 163 187 130 46 135 0 121 158 116 37 44 36 146 169 164 106 57 169 152 134 150 
216 41 143 142 168 211 136 187 136 137 207 111 76 18 132 101 130 87 204 90 158 115 122 158 52 179 173 92 122 57 156 64 179 134 44 193 131 144 57 104 113 143 109 163 136 89 141 123 139 129 23 108 116 132 79 122 18 131 65 144 196 164 167 152 106 65 58 109 140 30 149 205 136 42 162 131 130 168 165 72 186 140 144 174 159 184 20 94 147 201 196 108 69 170 46 52 15 66 154 159 92 170 97 131 159 121 0 112 23 158 77 139 218 103 208 163 156 119 227 122 151 
164 131 99 94 62 156 64 168 25 103 132 118 146 127 144 81 18 97 175 24 90 77 83 82 85 128 184 21 58 102 45 86 178 154 69 174 66 74 73 117 37 75 57 58 46 107 78 103 38 24 132 84 70 166 98 62 124 111 92 194 139 198 101 95 54 110 78 15 139 134 65 139 182 71 151 156 55 77 53 86 163 186 93 62 197 127 105 83 57 169 125 33 89 151 93 65 121 61 176 49 31 60 28 132 83 158 112 0 89 186 127 148 161 25 130 115 152 11 171 39 59 
197 50 124 122 145 192 113 173 113 119 186 99 79 40 122 82 108 72 189 67 137 95 103 136 35 160 164 69 99 47 133 48 168 126 24 180 109 122 37 92 90 121 87 139 113 77 120 106 116 107 43 89 95 127 65 100 39 115 51 144 177 161 146 132 84 57 39 88 128 46 126 185 135 21 149 124 107 145 142 56 171 139 124 151 156 164 20 76 124 185 175 84 53 155 32 30 36 44 147 135 72 146 73 119 137 116 23 89 0 153 73 129 199 83 187 144 144 97 208 99 128 
130 121 108 113 196 132 142 72 193 97 161 68 87 170 43 105 199 91 94 168 138 113 110 147 122 116 28 171 137 106 205 112 46 32 169 76 135 139 129 70 153 137 131 190 163 83 131 87 178 210 149 103 121 26 94 132 174 82 107 36 130 14 136 124 134 96 124 196 53 139 156 148 31 165 60 30 147 169 219 107 79 30 116 221 17 126 139 103 164 96 150 154 107 70 121 144 171 136 11 200 195 206 158 57 148 37 158 186 153 0 81 40 138 200 166 111 51 197 142 156 167 
158 43 96 98 161 155 110 117 143 86 165 46 24 90 58 63 144 37 137 105 122 78 82 127 47 126 96 108 98 28 160 41 104 57 91 123 103 113 57 38 104 112 87 154 124 30 107 68 134 151 71 66 85 55 32 96 93 73 35 72 144 88 127 111 87 18 51 134 70 62 127 158 62 88 93 54 110 145 173 41 118 67 101 178 84 133 58 55 130 135 153 103 39 102 43 70 91 68 76 158 126 167 100 62 128 44 77 127 73 81 0 65 162 134 168 113 85 138 170 112 134 
103 108 68 73 156 103 102 53 153 57 126 32 81 154 7 67 160 59 75 132 98 73 70 107 95 81 37 135 97 82 165 82 40 14 140 60 95 98 99 37 114 97 92 150 123 52 90 47 138 172 135 64 82 34 64 92 156 42 79 64 97 54 97 84 95 74 94 159 14 127 116 114 53 137 31 21 107 129 179 76 56 56 76 180 55 91 119 66 124 75 115 116 77 42 96 114 153 104 30 160 160 166 121 17 108 36 139 148 129 40 65 0 110 164 131 73 21 159 116 117 127 
9 201 75 77 124 7 98 67 148 81 43 117 184 236 114 117 161 134 49 161 71 104 97 80 166 39 113 163 108 165 147 154 94 124 197 66 98 88 162 124 128 87 117 122 116 135 85 97 129 177 224 110 106 143 142 106 236 90 154 171 23 151 61 70 121 161 161 176 98 218 97 27 162 196 80 131 108 92 157 146 59 163 76 152 155 36 199 124 106 44 40 134 150 69 173 172 233 157 129 138 189 136 147 103 79 146 218 161 199 138 162 110 0 186 48 54 91 169 10 123 106 
188 129 121 116 85 180 88 189 47 124 157 133 150 116 159 97 35 109 197 33 114 96 103 107 88 152 201 29 81 107 64 93 196 168 59 195 89 98 77 130 60 99 77 81 71 119 102 122 62 27 125 101 90 179 108 84 113 130 99 204 164 212 125 118 73 116 83 11 157 129 90 164 193 62 171 170 79 102 68 95 184 197 116 78 209 151 101 98 82 192 150 54 97 171 95 65 110 66 191 70 11 81 44 148 108 169 103 25 83 200 134 164 186 0 155 138 170 22 196 63 84 
56 201 72 70 82 47 74 103 112 83 6 125 192 226 133 110 126 133 91 135 50 95 89 52 158 50 145 136 88 162 106 148 128 145 179 104 78 65 151 132 103 65 100 81 84 138 67 100 93 141 219 105 92 165 141 87 226 97 150 195 39 180 42 58 103 162 151 144 117 215 66 23 184 179 107 151 82 53 115 141 94 187 68 108 183 41 191 119 73 85 16 109 145 97 166 158 222 143 156 97 160 92 122 118 50 164 208 130 187 166 168 131 48 155 0 58 116 135 55 95 71 
54 149 21 23 96 48 52 60 108 27 54 68 136 181 75 62 119 81 61 110 32 50 42 43 112 16 94 113 58 112 113 99 79 87 143 64 49 42 108 75 79 41 65 91 74 84 37 44 89 134 170 56 52 107 89 55 182 40 100 138 33 125 26 21 69 109 106 130 60 165 58 45 126 142 54 94 61 64 125 92 52 129 23 123 127 21 145 70 68 54 42 85 96 47 119 118 178 103 100 105 139 107 96 60 43 106 163 115 144 111 113 73 54 138 58 0 61 124 64 76 69 
83 128 61 67 151 84 99 33 153 52 111 45 102 172 27 73 162 72 54 138 89 75 70 100 109 66 34 141 97 99 163 96 26 34 153 39 92 93 112 52 116 92 95 146 121 67 85 49 136 175 154 69 83 53 79 92 174 40 93 81 80 64 87 76 98 91 107 164 16 146 111 97 71 150 10 41 105 122 177 89 35 73 69 177 67 75 136 75 120 54 100 119 91 21 112 126 171 114 40 157 167 161 126 25 100 57 156 152 144 51 85 21 91 170 116 61 0 162 96 117 122 
172 139 109 103 62 163 72 178 25 113 137 129 156 133 155 92 13 108 184 33 97 87 93 89 95 137 194 30 68 112 42 97 188 164 75 184 75 82 83 128 47 83 68 59 53 118 87 114 42 13 139 94 80 177 109 72 130 122 102 204 147 209 108 103 64 120 88 11 150 142 72 145 193 77 161 167 63 82 48 97 172 197 102 57 207 135 113 94 63 178 132 43 99 161 102 74 127 70 187 48 31 59 39 142 90 169 119 11 97 197 138 159 169 22 135 124 162 0 178 48 64 
13 210 85 87 133 16 108 70 158 90 50 125 192 245 121 126 171 142 50 170 81 114 106 89 175 48 116 172 118 174 156 163 97 130 207 68 108 97 171 132 138 97 127 131 126 144 95 105 138 186 232 120 115 149 151 115 245 98 163 176 33 154 71 80 131 170 170 186 105 226 107 35 167 206 86 137 117 101 166 155 63 168 86 161 159 46 208 133 116 46 49 144 159 75 182 182 242 167 133 147 199 144 157 110 88 152 227 171 208 142 170 116 10 196 55 64 96 178 0 133 115 
125 128 61 55 50 117 25 131 36 66 96 90 134 139 114 53 45 76 136 40 51 44 47 44 80 89 150 41 21 92 50 75 142 125 87 136 27 35 69 91 9 36 26 43 14 86 39 70 23 59 138 54 35 140 80 25 138 77 80 170 100 170 62 55 25 98 72 54 106 137 30 101 158 87 115 129 15 47 63 72 124 162 54 67 169 88 109 59 25 130 88 15 75 114 89 70 134 58 146 47 66 55 28 100 46 134 122 39 99 156 112 117 123 63 95 76 117 48 133 0 29 
110 155 61 56 29 101 26 128 43 71 72 105 158 169 125 72 56 97 129 68 38 58 58 27 107 78 156 68 36 118 44 101 145 137 115 133 33 29 97 108 38 31 48 23 15 106 37 81 23 71 166 70 50 154 103 39 167 85 105 185 85 181 47 49 49 122 100 73 115 165 12 81 173 116 118 142 24 18 56 96 121 177 53 55 181 74 138 80 4 122 67 44 100 114 116 99 164 86 156 36 90 39 56 110 28 150 151 59 128 167 134 127 106 84 71 69 122 64 115 29 0 
